GROINFO
[47.9, 85.61999999999999, 31.12]
[47.699999999999996, 84.87, 30.470000000000002]
[47.199999999999996, 86.37, 30.9]
[48.769999999999996, 85.95, 31.06]
[47.56999999999999, 85.15, 32.47]
[48.2, 84.39999999999999, 32.67]
[46.63, 84.81, 32.5]
[47.76, 86.27000000000001, 33.47]
[46.95, 86.44, 34.37]
[48.86, 87.01, 33.34]
[49.519999999999996, 86.78, 32.62]
[49.14, 88.14999999999999, 34.21]
[49.290000000000006, 87.77, 35.129999999999995]
[50.38, 88.9, 33.76]
[50.57000000000001, 89.64, 34.39]
[51.16, 88.27, 33.74]
[50.18, 89.42, 32.5]
[50.949999999999996, 89.89000000000001, 32.22]
[47.95, 89.09, 34.22]
[47.699999999999996, 89.58, 33.38]
[47.29, 89.26, 35.25]
