Step0
1 -0.15740160 -0.01444867 0.00319610
2 0.00086705 -0.03636461 -0.03596371
3 -0.00253505 0.02343541 -0.00154147
4 0.15627185 0.06206208 -0.01314200
5 0.03498753 0.08381530 0.02255652
6 0.07150399 -0.08458188 0.03004669
7 -0.10794102 -0.03183906 0.00424271
8 -0.00644972 -0.01139156 -0.01644587
9 -0.00076757 -0.02144078 -0.01761489
10 0.00141913 -0.01731477 -0.01201871
11 0.00278194 0.00883768 0.00386912
12 -0.00563854 0.00959894 -0.04745497
13 0.00272246 -0.00798088 0.04738966
14 -0.03909584 -0.01645811 -0.02047411
15 0.00996655 0.04339160 0.03889206
16 0.03978781 -0.03090620 0.00098504
17 0.00928102 -0.01225315 -0.02795323
18 0.00862215 0.01148212 -0.00089122
19 0.04295197 -0.09767865 0.22493548
20 -0.07282551 0.12080184 -0.23545730
21 0.00764468 -0.00821446 0.01955902

Step1
1 -0.03150458 0.01712504 -0.00719704
2 -0.00254869 -0.03441362 -0.03256208
3 -0.01574653 0.03292543 -0.00579586
4 0.05575267 0.02525550 -0.00820861
5 0.00373113 0.01820454 0.02757331
6 0.04622583 -0.05239135 0.02064913
7 -0.06365224 -0.01637245 0.00696771
8 -0.00103039 0.00066748 -0.01035976
9 -0.00174492 -0.02123821 -0.01643401
10 -0.00187313 -0.01433429 -0.01045233
11 0.00418051 0.00783159 0.00176469
12 -0.00155191 -0.00793438 -0.01853268
13 0.00366367 -0.00527998 0.03502111
14 -0.02426387 -0.00858544 -0.01564331
15 0.00675574 0.03477751 0.03133746
16 0.03211020 -0.02604903 0.00106561
17 0.00899362 -0.01255077 -0.02728703
18 0.00794705 0.01117463 -0.00043144
19 0.01960092 -0.02467212 0.06588264
20 -0.04199544 0.05791611 -0.12626373
21 0.00000000 0.00000000 0.00000000

Step2
1 0.01128187 0.00936763 -0.01632689
2 -0.00083281 -0.01397156 -0.01503460
3 -0.01624500 0.03166224 -0.00617359
4 0.01293597 0.01100078 -0.00611842
5 -0.00980058 -0.03267643 0.01405425
6 0.02183216 -0.02134034 0.01236212
7 -0.02871943 -0.00380877 0.00809909
8 -0.00035517 0.00420784 -0.00471639
9 -0.00274509 -0.01778679 -0.01313784
10 -0.00192003 -0.00750387 -0.00694125
11 0.00585320 0.00616560 -0.00120645
12 -0.00039935 -0.01929439 0.00610629
13 0.00363149 -0.00213475 0.02090360
14 -0.00138092 -0.00055413 -0.00578995
15 0.00154434 0.02068292 0.01846681
16 0.01907711 -0.01705685 0.00110506
17 0.00886149 -0.01269210 -0.02545699
18 0.00641190 0.01043118 0.00015349
19 -0.00545661 0.03698231 -0.06703653
20 -0.01209743 0.00058060 -0.02429956
21 0.00000000 0.00000000 0.00000000

