GROINFO
[47.848780399999995, 85.62536535999999, 31.117098730000002]
[47.69891307, 84.84451977, 30.44554106]
[47.19151092, 86.39182602, 30.89673867]
[48.83316068, 85.97664975, 31.052918090000002]
[47.57973973, 85.17799255, 32.48893678]
[48.23931828, 84.35464174, 32.68713781]
[46.573728509999995, 84.79461022000001, 32.50445777]
[47.75803225, 86.2677755, 33.46109369]
[46.948949920000004, 86.42450006000001, 34.35777607]
[48.8593769, 86.99889952, 33.33204211]
[49.52272771, 86.78592493, 32.62175707]
[49.13795227, 88.14816691000001, 34.1900142]
[49.29245441, 87.76555090000001, 35.158263579999996]
[50.35901051, 88.89198328999998, 33.74753114]
[50.57563757, 89.66724252, 34.41450119]
[51.18509113, 88.24995326999999, 33.7407573]
[50.18660898, 89.41093407, 32.479994319999996]
[50.95593455, 89.89820054999998, 32.219582720000005]
[47.96951102999999, 89.05563903, 34.30368707]
[47.662512289999995, 89.63627704000001, 33.263581009999996]
[47.29, 89.26, 35.25]
