GROINFO
[47.83698763, 85.6425926, 31.0710284]
[47.700575220000005, 84.9037723, 30.32139952]
[47.17818698000001, 86.47611533999999, 30.93961381]
[48.828848320000006, 86.03185644, 31.03367943]
[47.57501696, 85.03174653, 32.45043166]
[48.2953149, 84.22605481, 32.68752195]
[46.50900097, 84.72692977, 32.52477577]
[47.77195147, 86.17491469999999, 33.38401002]
[46.91713355, 86.30496453999999, 34.23193822]
[48.855559670000005, 86.96228595, 33.28935251]
[49.57249809, 86.84529225, 32.6016569]
[49.0972643, 88.14554917000001, 34.15101217]
[49.230634990000006, 87.81592296, 35.18451513]
[50.391130630000006, 88.86416698, 33.731119500000005]
[50.55355578, 89.72382013000001, 34.39216714]
[51.239048350000004, 88.18835167, 33.832959869999996]
[50.358873190000004, 89.23551551999999, 32.36383695]
[50.93370663, 89.99574905, 32.23371697]
[47.892847180000004, 89.1079146, 34.16746077]
[47.55742925, 89.60347118, 33.07035091]
[47.29, 89.26, 35.25]
