Step0
1 0.36985253 -0.37532391 -0.18811126
2 0.03966861 0.21876440 0.89905070
3 -0.23259600 0.63483879 0.76189220
4 0.32286325 0.21678002 0.19249213
5 -0.85559141 -4.57882372 -3.50106919
6 -0.42885785 2.21743894 0.84504851
7 0.82576023 1.32143232 0.96356389
8 0.00354260 -0.03261752 -0.13092606
9 -5.57276257 5.46365322 9.80919831
10 7.69165570 8.61486531 1.39041835
11 -0.02311997 -0.01486257 -0.01202195
12 0.00206994 0.02366873 -0.03511764
13 0.00383074 -0.00631433 0.04780023
14 -0.03879494 -0.01594834 -0.02150205
15 0.01067240 0.04437655 0.03868532
16 0.04120447 -0.02991101 0.00045683
17 0.00513030 -0.01951692 -0.01767609
18 0.01010439 0.01364709 -0.00570569
19 0.04247542 -0.08790717 0.21791937
20 -0.07107875 0.09895197 -0.22399850
21 0.00000000 0.00000000 0.00000000

Step1
1 -0.15868431 -0.00871954 0.00241332
2 0.00034965 -0.03978118 -0.04320544
3 0.00012851 0.01979990 -0.00052798
4 0.15508158 0.06125991 -0.01198592
5 0.04374789 0.12933558 0.03391432
6 0.08903600 -0.10641417 0.03561411
7 -0.13113615 -0.04068045 0.00448419
8 -0.00688654 0.02604235 0.02453185
9 0.03554053 -0.03598968 -0.06358741
10 -0.05767360 -0.07770616 -0.02296706
11 0.01208484 0.01292284 0.00069213
12 0.00663022 0.03156486 -0.03482898
13 0.00246350 -0.00888558 0.04680483
14 -0.03899875 -0.01462259 -0.01842774
15 0.00988389 0.04317494 0.03870332
16 0.03980781 -0.03067098 0.00102939
17 0.00983737 -0.01119146 -0.02850784
18 0.00851639 0.01139425 -0.00078905
19 0.04191368 -0.09618667 0.22088173
20 -0.07252463 0.11973315 -0.23325034
21 0.00000000 0.00000000 0.00000000

Step2
1 -0.01080456 0.02518736 -0.01234305
2 -0.00329727 -0.03522904 -0.03585399
3 -0.01702637 0.03321310 -0.00660921
4 0.03926860 0.01913646 -0.00734689
5 0.00063751 0.02967695 0.05233892
6 0.04497787 -0.05237081 0.01883201
7 -0.06027831 -0.01665741 0.00604564
8 -0.00258736 0.01293341 0.00290835
9 0.02017238 -0.02901467 -0.04258575
10 -0.03550101 -0.04446596 -0.01264147
11 0.00892644 0.01007463 0.00013599
12 0.00392028 -0.00375187 -0.00858169
13 0.00418257 -0.00475896 0.03304450
14 -0.01905566 -0.00432633 -0.01384545
15 0.00633369 0.03316149 0.02968789
16 0.03021025 -0.02485192 0.00120241
17 0.00889925 -0.01224748 -0.02709211
18 0.00797367 0.01120049 -0.00035820
19 0.01439603 -0.00760603 0.03202019
20 -0.03547135 0.04439000 -0.10260208
21 0.00000000 0.00000000 0.00000000

Step3
1 0.00868439 -0.00201636 -0.01319433
2 0.00108770 -0.00147539 -0.00552724
3 -0.01264500 0.02808819 -0.00610306
4 0.00736923 0.00969258 -0.00612870
5 -0.00976229 -0.04154689 0.01324409
6 0.00952569 -0.00653521 0.00863775
7 -0.01374568 0.00135925 0.00746934
8 -0.00470647 -0.01107451 -0.01617663
9 -0.00104977 -0.01577047 -0.01253740
10 0.00409674 0.00114288 -0.00302990
11 0.00243031 0.00596938 0.00100459
12 -0.00651801 -0.02836010 0.00702924
13 0.00412367 0.00024491 0.01716863
14 0.01187328 0.00350665 -0.00128589
15 -0.00015048 0.01494499 0.01240767
16 0.01237522 -0.01219348 0.00121259
17 0.00890733 -0.01267583 -0.02379136
18 0.00556326 0.01008352 0.00019996
19 -0.01330533 0.05278796 -0.09354237
20 -0.00354281 -0.01429542 0.00225428
21 0.00000000 0.00000000 0.00000000

Step4
1 -0.01562163 0.01317625 0.00476068
2 0.00164126 -0.00272482 -0.01000908
3 0.00607647 0.00364916 0.00124594
4 0.00585923 0.00689043 -0.00437248
5 0.00124706 -0.00497756 -0.01139097
6 0.01416522 -0.01830075 0.00976885
7 -0.02015620 -0.00570260 0.00585204
8 0.00303024 -0.00800574 -0.00863222
9 -0.00160138 -0.01303243 -0.01317589
10 -0.00844891 -0.01614778 -0.00687493
11 0.00536120 0.00574527 -0.00117393
12 -0.00411387 0.02146120 -0.01630433
13 -0.00153977 -0.00060463 0.01712282
14 0.00171265 -0.00772195 0.00206583
15 -0.00092251 0.00938519 0.00603931
16 0.00934417 -0.00688808 0.00182934
17 0.01330897 -0.01246591 -0.01491759
18 0.00247850 0.00893825 -0.00085878
19 0.00532439 -0.03628892 0.09828024
20 -0.03278866 0.04315499 -0.10380299
21 0.00000000 0.00000000 0.00000000

Step5
1 -0.00913457 0.00802488 0.00127086
2 0.00165329 0.00020309 -0.00791630
3 0.00350694 0.00623771 0.00081093
4 0.00254682 0.00607816 -0.00394322
5 -0.00031154 -0.00853036 -0.00872106
6 0.01161148 -0.01532179 0.00832724
7 -0.01656309 -0.00468788 0.00566221
8 0.00080521 -0.00989838 -0.00884912
9 -0.00146014 -0.01259631 -0.01279509
10 -0.00565402 -0.01098039 -0.00570233
11 0.00495302 0.00529187 -0.00134918
12 -0.00269302 0.01099900 -0.00627625
13 -0.00135607 0.00066255 0.01248222
14 0.00300532 -0.00420145 0.00043030
15 -0.00117179 0.00802984 0.00489104
16 0.00858664 -0.00677514 0.00218376
17 0.01305483 -0.01311506 -0.01307389
18 0.00246430 0.00901426 -0.00089991
19 -0.00218625 -0.00906013 0.03241890
20 -0.01993683 0.02025612 -0.05990458
21 0.00000000 0.00000000 0.00000000

Step6
1 -0.00197743 0.00218952 -0.00256411
2 0.00154675 0.00355018 -0.00578127
3 0.00077865 0.00860176 0.00049931
4 -0.00122937 0.00503402 -0.00326645
5 -0.00201667 -0.01298815 -0.00534557
6 0.00776093 -0.01114427 0.00607516
7 -0.01141059 -0.00348893 0.00509959
8 -0.00093068 -0.01137945 -0.00898902
9 -0.00164766 -0.01194460 -0.01202202
10 -0.00221709 -0.00483409 -0.00377322
11 0.00435902 0.00471254 -0.00149481
12 -0.00225587 0.00088407 0.00142606
13 -0.00154373 0.00228536 0.00737012
14 0.00458476 -0.00079128 -0.00071837
15 -0.00146010 0.00600474 0.00291521
16 0.00718539 -0.00612329 0.00273817
17 0.01282613 -0.01355195 -0.01070605
18 0.00209599 0.00885261 -0.00084121
19 -0.00852899 0.01364915 -0.02440959
20 -0.00818816 -0.00045507 -0.01920484
21 0.00000000 0.00000000 0.00000000

Step7
1 -0.00151385 0.00089226 -0.00269345
2 0.00106197 0.00479841 -0.00637847
3 0.00133766 0.00557722 0.00161451
4 -0.00257310 0.00383589 -0.00204884
5 -0.00174893 -0.01432586 -0.00329807
6 0.00213972 -0.00660308 0.00229814
7 -0.00464944 -0.00320347 0.00312337
8 0.00195240 -0.00820053 -0.00733972
9 -0.00300214 -0.01082803 -0.01038510
10 -0.00025344 -0.00203821 -0.00153532
11 0.00335732 0.00423613 -0.00113525
12 -0.00529229 0.00364516 -0.00729327
13 -0.00358697 0.00397910 0.00416470
14 0.00457197 -0.00206885 0.00081018
15 -0.00148827 0.00302498 -0.00091654
16 0.00417593 -0.00348559 0.00386180
17 0.01314570 -0.01220161 -0.00767555
18 0.00009982 0.00741608 -0.00034935
19 -0.00465221 -0.00477277 0.01499623
20 -0.01168003 0.00701201 -0.03220051
21 0.00000000 0.00000000 0.00000000

Step8
1 -0.00188630 -0.00055234 -0.00036744
2 0.00062839 0.00459097 -0.00754388
3 0.00100061 0.00419799 0.00238643
4 -0.00223540 0.00328450 -0.00123343
5 0.00020492 -0.00501955 -0.00429017
6 0.00275199 -0.00878389 0.00111669
7 -0.00454578 -0.00458923 0.00204901
8 0.00001972 -0.00906838 -0.00524288
9 -0.00178289 -0.00952100 -0.01053872
10 -0.00031588 -0.00231038 -0.00410030
11 0.00273363 0.00411176 -0.00066830
12 0.00005767 -0.00273612 0.00744082
13 -0.00424009 0.00529528 -0.00308843
14 0.00171462 -0.00047735 -0.00242567
15 -0.00123134 0.00222546 -0.00180390
16 0.00369276 -0.00342552 0.00493762
17 0.01189713 -0.01241922 -0.00473109
18 0.00002243 0.00733879 -0.00017647
19 -0.01117307 0.02273715 -0.06320818
20 0.00342320 -0.01875908 0.02243723
21 0.00000000 0.00000000 0.00000000

Step9
1 -0.00121018 0.00050510 -0.00196056
2 0.00042463 0.00473766 -0.00724704
3 0.00100767 0.00322301 0.00262691
4 -0.00254860 0.00275279 -0.00090704
5 -0.00052076 -0.00924079 -0.00312772
6 0.00077415 -0.00653334 -0.00009146
7 -0.00201796 -0.00399218 0.00147148
8 0.00301598 -0.00579807 -0.00521025
9 -0.00278496 -0.00908711 -0.00920631
10 -0.00070114 -0.00227569 -0.00063167
11 0.00316977 0.00378808 -0.00127341
12 -0.00563924 0.00641774 -0.01327391
13 -0.00504410 0.00443425 0.00251981
14 0.00265443 -0.00343478 0.00126539
15 -0.00119443 0.00193288 -0.00271943
16 0.00267691 -0.00236787 0.00508959
17 0.01148189 -0.01085074 -0.00638479
18 -0.00084991 0.00634620 0.00045680
19 -0.00044587 -0.01893953 0.04800742
20 -0.01503646 0.01355138 -0.04414324
21 0.00000000 0.00000000 0.00000000

Step10
1 -0.00124820 0.00019111 -0.00180835
2 0.00038320 0.00478005 -0.00725185
3 0.00087718 0.00319770 0.00269250
4 -0.00241250 0.00273122 -0.00082466
5 -0.00019313 -0.00836421 -0.00319658
6 0.00081221 -0.00666024 -0.00025574
7 -0.00198115 -0.00408164 0.00134586
8 0.00224150 -0.00632902 -0.00505580
9 -0.00252435 -0.00882327 -0.00915579
10 -0.00036205 -0.00198264 -0.00153527
11 0.00290901 0.00375732 -0.00108639
12 -0.00402806 0.00319669 -0.00705874
13 -0.00490585 0.00470692 0.00043531
14 0.00237947 -0.00245859 0.00010054
15 -0.00120685 0.00180769 -0.00274608
16 0.00264944 -0.00252519 0.00526084
17 0.01133719 -0.01096819 -0.00576097
18 -0.00088716 0.00633398 0.00047872
19 -0.00355571 -0.00649745 0.01413091
20 -0.00901377 0.00329250 -0.02264704
21 0.00000000 0.00000000 0.00000000

Step11
1 -0.00124953 -0.00017992 -0.00157414
2 0.00026653 0.00479896 -0.00727979
3 0.00063521 0.00297512 0.00284151
4 -0.00217139 0.00260560 -0.00063329
5 0.00031437 -0.00694419 -0.00329661
6 0.00078476 -0.00677064 -0.00068497
7 -0.00165959 -0.00420833 0.00103131
8 0.00131887 -0.00691858 -0.00484927
9 -0.00216894 -0.00826357 -0.00889237
10 0.00002869 -0.00169909 -0.00241148
11 0.00256202 0.00361347 -0.00091126
12 -0.00241388 0.00013945 -0.00121630
13 -0.00483501 0.00490985 -0.00175571
14 0.00192236 -0.00156542 -0.00107731
15 -0.00120759 0.00159855 -0.00292830
16 0.00244291 -0.00258978 0.00556740
17 0.01098833 -0.01084788 -0.00503140
18 -0.00110668 0.00612219 0.00062458
19 -0.00618630 0.00493714 -0.01772169
20 -0.00317688 -0.00656815 -0.00150402
21 0.00000000 0.00000000 0.00000000

Step12
1 -0.00106346 0.00000422 -0.00157978
2 0.00008436 0.00470902 -0.00726452
3 0.00042796 0.00242718 0.00302825
4 -0.00199108 0.00230993 -0.00043433
5 0.00011593 -0.00693457 -0.00342568
6 0.00050887 -0.00646111 -0.00133966
7 -0.00076884 -0.00419240 0.00055767
8 0.00216464 -0.00551621 -0.00437068
9 -0.00226258 -0.00768927 -0.00821408
10 -0.00025319 -0.00202574 -0.00167207
11 0.00264006 0.00343971 -0.00106437
12 -0.00351596 0.00264601 -0.00657289
13 -0.00512516 0.00447886 -0.00055668
14 0.00163618 -0.00245026 -0.00031994
15 -0.00118225 0.00145269 -0.00333702
16 0.00194021 -0.00221922 0.00581092
17 0.01043689 -0.01013156 -0.00515383
18 -0.00154767 0.00559137 0.00094148
19 -0.00296010 -0.00645435 0.01256616
20 -0.00785187 0.00171061 -0.01836575
21 0.00000000 0.00000000 0.00000000

Step13
1 -0.00101257 -0.00037071 -0.00168969
2 -0.00004429 0.00480654 -0.00709420
3 0.00012759 0.00215656 0.00320870
4 -0.00171982 0.00211814 -0.00020911
5 0.00110194 -0.00542037 -0.00314458
6 0.00038564 -0.00633758 -0.00196904
7 -0.00056431 -0.00433744 0.00010273
8 0.00063965 -0.00651669 -0.00423270
9 -0.00168652 -0.00683982 -0.00778187
10 0.00043578 -0.00128788 -0.00277434
11 0.00217043 0.00316598 -0.00087961
12 -0.00121439 -0.00224504 0.00219466
13 -0.00482212 0.00459696 -0.00357151
14 0.00122075 -0.00100086 -0.00193329
15 -0.00124938 0.00116785 -0.00354827
16 0.00161504 -0.00234026 0.00615780
17 0.00997134 -0.00989901 -0.00416822
18 -0.00192410 0.00522095 0.00111827
19 -0.00715477 0.01087672 -0.03606291
20 0.00088905 -0.01286811 0.01338166
21 0.00000000 0.00000000 0.00000000

Step14
1 -0.00081527 0.00005477 -0.00160961
2 -0.00014824 0.00462631 -0.00709437
3 0.00006236 0.00182161 0.00327162
4 -0.00167474 0.00193761 -0.00016167
5 0.00048762 -0.00599189 -0.00335386
6 0.00034979 -0.00612379 -0.00227139
7 0.00010004 -0.00422136 -0.00014797
8 0.00207138 -0.00499782 -0.00404974
9 -0.00195842 -0.00664367 -0.00735242
10 -0.00025803 -0.00209469 -0.00156025
11 0.00241876 0.00300826 -0.00116919
12 -0.00348291 0.00277709 -0.00747991
13 -0.00512642 0.00393140 -0.00064033
14 0.00117043 -0.00261073 -0.00032932
15 -0.00123614 0.00122903 -0.00376755
16 0.00127870 -0.00192491 0.00614761
17 0.00951903 -0.00934102 -0.00475798
18 -0.00211913 0.00490310 0.00129088
19 -0.00170475 -0.00903653 0.01959042
20 -0.00835628 0.00294593 -0.02022610
21 0.00000000 0.00000000 0.00000000

Step15
1 -0.00082891 -0.00005528 -0.00164159
2 -0.00016585 0.00465796 -0.00702485
3 -0.00000022 0.00180185 0.00329411
4 -0.00159926 0.00191717 -0.00013488
5 0.00070369 -0.00572450 -0.00331773
6 0.00034828 -0.00608596 -0.00239096
7 0.00010262 -0.00424503 -0.00024030
8 0.00165914 -0.00522547 -0.00397427
9 -0.00179804 -0.00647181 -0.00728284
10 -0.00007774 -0.00187338 -0.00193664
11 0.00228484 0.00294263 -0.00110619
12 -0.00271169 0.00111140 -0.00441629
13 -0.00498476 0.00397057 -0.00159940
14 0.00107338 -0.00211016 -0.00084576
15 -0.00126546 0.00116680 -0.00378163
16 0.00123397 -0.00199845 0.00621185
17 0.00942122 -0.00933480 -0.00446518
18 -0.00219018 0.00484204 0.00130581
19 -0.00326961 -0.00293784 0.00238642
20 -0.00534099 -0.00205202 -0.00936013
21 0.00000000 0.00000000 0.00000000

Step16
1 -0.00079415 -0.00013180 -0.00168023
2 -0.00022345 0.00465994 -0.00690029
3 -0.00012810 0.00167585 0.00333268
4 -0.00145707 0.00182728 -0.00009293
5 0.00090870 -0.00537098 -0.00327668
6 0.00036046 -0.00596848 -0.00268178
7 0.00025660 -0.00426378 -0.00047909
8 0.00132255 -0.00524739 -0.00382570
9 -0.00159876 -0.00610631 -0.00701221
10 0.00009286 -0.00168967 -0.00216964
11 0.00213187 0.00278619 -0.00107903
12 -0.00215174 -0.00010295 -0.00234310
13 -0.00482667 0.00380604 -0.00226914
14 0.00089079 -0.00176720 -0.00120677
15 -0.00131686 0.00108138 -0.00386507
16 0.00105514 -0.00199440 0.00630354
17 0.00917328 -0.00910020 -0.00414857
18 -0.00242647 0.00458381 0.00138162
19 -0.00412499 0.00096687 -0.00886404
20 -0.00323789 -0.00540868 -0.00176107
21 0.00000000 0.00000000 0.00000000

Step17
1 -0.00068924 0.00000149 -0.00167775
2 -0.00029832 0.00458939 -0.00677713
3 -0.00022129 0.00146865 0.00340552
4 -0.00136389 0.00169951 -0.00003682
5 0.00093165 -0.00518585 -0.00327643
6 0.00040155 -0.00580604 -0.00298965
7 0.00052459 -0.00424511 -0.00074229
8 0.00155071 -0.00495394 -0.00383331
9 -0.00152873 -0.00574994 -0.00668296
10 -0.00001858 -0.00183190 -0.00191549
11 0.00208323 0.00257118 -0.00117442
12 -0.00258747 0.00090120 -0.00449130
13 -0.00479362 0.00339586 -0.00160505
14 0.00074927 -0.00214522 -0.00086100
15 -0.00136325 0.00106488 -0.00397385
16 0.00078893 -0.00182703 0.00633419
17 0.00882733 -0.00870029 -0.00410718
18 -0.00269246 0.00424879 0.00147463
19 -0.00265940 -0.00368025 0.00441405
20 -0.00527845 -0.00179925 -0.00922509
21 0.00000000 0.00000000 0.00000000

Step18
1 -0.00065737 -0.00010082 -0.00170767
2 -0.00035582 0.00458999 -0.00657461
3 -0.00036314 0.00137197 0.00341181
4 -0.00118417 0.00161768 -0.00004522
5 0.00114676 -0.00489409 -0.00331956
6 0.00046652 -0.00563065 -0.00331453
7 0.00069318 -0.00423741 -0.00101750
8 0.00109360 -0.00484859 -0.00348422
9 -0.00121689 -0.00536195 -0.00643541
10 0.00009975 -0.00166643 -0.00235393
11 0.00185918 0.00233695 -0.00113756
12 -0.00159486 -0.00113248 -0.00074046
13 -0.00448554 0.00316888 -0.00272247
14 0.00053562 -0.00153111 -0.00144418
15 -0.00145578 0.00095454 -0.00402071
16 0.00059032 -0.00186129 0.00640259
17 0.00850944 -0.00846719 -0.00359365
18 -0.00296557 0.00394859 0.00150475
19 -0.00442979 0.00344102 -0.01622090
20 -0.00155614 -0.00771472 0.00416901
21 0.00000000 0.00000000 0.00000000

Step19
1 -0.00056739 0.00008665 -0.00169850
2 -0.00040451 0.00450002 -0.00649987
3 -0.00039560 0.00121852 0.00342031
4 -0.00114928 0.00152669 -0.00004953
5 0.00102071 -0.00482988 -0.00326446
6 0.00054697 -0.00551654 -0.00348946
7 0.00086657 -0.00421485 -0.00119034
8 0.00149897 -0.00459498 -0.00364033
9 -0.00131505 -0.00515068 -0.00610228
10 0.00002916 -0.00181090 -0.00177840
11 0.00189546 0.00218515 -0.00125328
12 -0.00265068 0.00100311 -0.00514160
13 -0.00454466 0.00273801 -0.00133277
14 0.00049374 -0.00225675 -0.00070775
15 -0.00148730 0.00099535 -0.00407758
16 0.00038737 -0.00164887 0.00634873
17 0.00819469 -0.00815750 -0.00375761
18 -0.00310969 0.00372355 0.00154829
19 -0.00176687 -0.00553369 0.00986736
20 -0.00586626 -0.00047139 -0.01150137
21 0.00000000 0.00000000 0.00000000

Step20
1 -0.00056375 -0.00004979 -0.00173946
2 -0.00044338 0.00453266 -0.00621900
3 -0.00048897 0.00119281 0.00347631
4 -0.00101331 0.00149501 -0.00001706
5 0.00142561 -0.00444850 -0.00331886
6 0.00063041 -0.00531337 -0.00377406
7 0.00090751 -0.00421676 -0.00143636
8 0.00083707 -0.00464780 -0.00325275
9 -0.00086998 -0.00480394 -0.00605534
10 0.00001659 -0.00169000 -0.00274274
11 0.00157486 0.00190959 -0.00116583
12 -0.00076691 -0.00257525 0.00198200
13 -0.00405195 0.00259393 -0.00342850
14 0.00023631 -0.00113542 -0.00176880
15 -0.00161056 0.00085764 -0.00403843
16 0.00025834 -0.00180218 0.00640156
17 0.00800179 -0.00793808 -0.00300840
18 -0.00345065 0.00337028 0.00151702
19 -0.00553689 0.00812094 -0.03020316
20 0.00115140 -0.01164515 0.01371898
21 0.00000000 0.00000000 0.00000000

Step21
1 -0.00047720 0.00016522 -0.00170777
2 -0.00047821 0.00443618 -0.00618486
3 -0.00048868 0.00106857 0.00348049
4 -0.00100843 0.00143174 -0.00002659
5 0.00111913 -0.00453232 -0.00326378
6 0.00071986 -0.00523258 -0.00386812
7 0.00110508 -0.00417437 -0.00154953
8 0.00145140 -0.00435107 -0.00351129
9 -0.00107504 -0.00470216 -0.00578568
10 0.00002735 -0.00180737 -0.00183452
11 0.00169012 0.00179671 -0.00132187
12 -0.00257812 0.00080558 -0.00511002
13 -0.00424930 0.00214438 -0.00122324
14 0.00029253 -0.00224107 -0.00063463
15 -0.00161908 0.00093975 -0.00408339
16 0.00008139 -0.00152183 0.00629743
17 0.00766633 -0.00770663 -0.00337330
18 -0.00347942 0.00324921 0.00154200
19 -0.00135014 -0.00593984 0.01135972
20 -0.00584899 -0.00017544 -0.01163918
21 0.00000000 0.00000000 0.00000000

Step22
1 -0.00050990 -0.00000867 -0.00171144
2 -0.00051604 0.00446367 -0.00583291
3 -0.00058720 0.00109960 0.00347923
4 -0.00084016 0.00143265 -0.00002432
5 0.00168006 -0.00409840 -0.00335368
6 0.00084393 -0.00494976 -0.00417905
7 0.00106682 -0.00418127 -0.00182646
8 0.00060796 -0.00440597 -0.00303240
9 -0.00054740 -0.00430397 -0.00569205
10 -0.00007831 -0.00162308 -0.00318263
11 0.00129598 0.00143803 -0.00121795
12 0.00034057 -0.00451524 0.00577235
13 -0.00350145 0.00198417 -0.00443646
14 -0.00005839 -0.00061065 -0.00217965
15 -0.00179334 0.00075262 -0.00395801
16 -0.00004153 -0.00176117 0.00632939
17 0.00757906 -0.00732386 -0.00231519
18 -0.00401695 0.00267226 0.00144446
19 -0.00737813 0.01485684 -0.05100615
20 0.00500520 -0.01724173 0.02732181
21 0.00000000 0.00000000 0.00000000

Step23
1 -0.00040585 0.00024433 -0.00169750
2 -0.00054503 0.00435788 -0.00584470
3 -0.00056975 0.00095782 0.00344678
4 -0.00086150 0.00136108 -0.00006868
5 0.00126723 -0.00420049 -0.00324385
6 0.00094368 -0.00490480 -0.00423290
7 0.00128991 -0.00413083 -0.00190657
8 0.00125816 -0.00409650 -0.00326451
9 -0.00082472 -0.00426525 -0.00542743
10 0.00009236 -0.00173177 -0.00186152
11 0.00146679 0.00135143 -0.00140170
12 -0.00241096 0.00044969 -0.00476318
13 -0.00388138 0.00148008 -0.00118937
14 0.00008760 -0.00219645 -0.00056224
15 -0.00177768 0.00088153 -0.00400538
16 -0.00022460 -0.00138120 0.00617702
17 0.00712309 -0.00719260 -0.00289371
18 -0.00390568 0.00268316 0.00146218
19 -0.00111626 -0.00575166 0.01122785
20 -0.00554864 -0.00028894 -0.01083004
21 0.00000000 0.00000000 0.00000000

Step24
1 -0.00040853 0.00021834 -0.00168484
2 -0.00055441 0.00434724 -0.00577034
3 -0.00059024 0.00097838 0.00341911
4 -0.00081896 0.00136536 -0.00010654
5 0.00133314 -0.00414117 -0.00325690
6 0.00098439 -0.00482205 -0.00429874
7 0.00129212 -0.00412852 -0.00197352
8 0.00120096 -0.00403438 -0.00319799
9 -0.00076918 -0.00417349 -0.00531940
10 -0.00003595 -0.00173110 -0.00219048
11 0.00139418 0.00127527 -0.00137857
12 -0.00157242 -0.00100238 -0.00164967
13 -0.00366599 0.00143246 -0.00209443
14 -0.00001064 -0.00172758 -0.00097117
15 -0.00182782 0.00082761 -0.00395085
16 -0.00023145 -0.00145976 0.00617504
17 0.00703047 -0.00717655 -0.00261751
18 -0.00398176 0.00260545 0.00141967
19 -0.00288477 0.00016207 -0.00678066
20 -0.00241195 -0.00516177 0.00032759
21 0.00000000 0.00000000 0.00000000

Step25
1 -0.00038525 0.00028028 -0.00169724
2 -0.00057616 0.00430637 -0.00564880
3 -0.00059890 0.00092598 0.00336581
4 -0.00077400 0.00133596 -0.00017084
5 0.00132927 -0.00403594 -0.00322040
6 0.00108402 -0.00468632 -0.00440594
7 0.00134749 -0.00411255 -0.00209236
8 0.00113342 -0.00395491 -0.00311228
9 -0.00069982 -0.00403957 -0.00516882
10 0.00014728 -0.00167295 -0.00192909
11 0.00134226 0.00113438 -0.00140074
12 -0.00212953 -0.00007605 -0.00375106
13 -0.00361491 0.00110230 -0.00139408
14 -0.00003284 -0.00204580 -0.00058601
15 -0.00188243 0.00083648 -0.00390052
16 -0.00035428 -0.00133406 0.00607957
17 0.00680521 -0.00690175 -0.00259468
18 -0.00415422 0.00233904 0.00138371
19 -0.00144762 -0.00413534 0.00625452
20 -0.00455485 -0.00162112 -0.00744909
21 0.00000000 0.00000000 0.00000000

Step26
1 -0.00038017 0.00028207 -0.00168946
2 -0.00058074 0.00429782 -0.00562214
3 -0.00060359 0.00093010 0.00335243
4 -0.00076414 0.00133531 -0.00018770
5 0.00133872 -0.00401310 -0.00322271
6 0.00110282 -0.00465337 -0.00442815
7 0.00135416 -0.00411036 -0.00211709
8 0.00115810 -0.00391073 -0.00310062
9 -0.00069572 -0.00400801 -0.00511636
10 0.00007607 -0.00169476 -0.00200637
11 0.00132635 0.00110453 -0.00140030
12 -0.00189146 -0.00046284 -0.00291897
13 -0.00354768 0.00107162 -0.00163211
14 -0.00006222 -0.00191524 -0.00069227
15 -0.00190051 0.00081836 -0.00387726
16 -0.00036049 -0.00135094 0.00607235
17 0.00675090 -0.00690107 -0.00250358
18 -0.00417316 0.00231730 0.00136422
19 -0.00193203 -0.00257610 0.00150238
20 -0.00371296 -0.00290050 -0.00448896
21 0.00000000 0.00000000 0.00000000

Step27
1 -0.00037283 0.00028788 -0.00168713
2 -0.00058656 0.00428779 -0.00558673
3 -0.00060790 0.00092930 0.00333502
4 -0.00075289 0.00133218 -0.00020874
5 0.00134800 -0.00397949 -0.00321954
6 0.00112834 -0.00461214 -0.00445561
7 0.00136418 -0.00410689 -0.00214785
8 0.00115203 -0.00387855 -0.00307597
9 -0.00067887 -0.00396942 -0.00506538
10 0.00005424 -0.00169538 -0.00204480
11 0.00130353 0.00106696 -0.00139720
12 -0.00176260 -0.00068553 -0.00247264
13 -0.00348822 0.00101526 -0.00174943
14 -0.00008377 -0.00185046 -0.00073894
15 -0.00191998 0.00080863 -0.00384899
16 -0.00038006 -0.00134877 0.00605545
17 0.00667978 -0.00687656 -0.00242733
18 -0.00420194 0.00227730 0.00134254
19 -0.00216786 -0.00177698 -0.00093864
20 -0.00326530 -0.00355233 -0.00293397
21 0.00000000 0.00000000 0.00000000

Step28
1 -0.00037230 0.00028929 -0.00168702
2 -0.00058686 0.00428689 -0.00558531
3 -0.00060799 0.00092901 0.00333418
4 -0.00075265 0.00133178 -0.00020973
5 0.00134944 -0.00397707 -0.00321837
6 0.00112980 -0.00461044 -0.00445669
7 0.00136422 -0.00410674 -0.00214924
8 0.00115002 -0.00387610 -0.00307552
9 -0.00067672 -0.00396853 -0.00506361
10 0.00005209 -0.00169888 -0.00204400
11 0.00130428 0.00106518 -0.00139856
12 -0.00175889 -0.00068814 -0.00246782
13 -0.00348647 0.00101107 -0.00174967
14 -0.00008523 -0.00184277 -0.00073478
15 -0.00192176 0.00080328 -0.00385093
16 -0.00038014 -0.00134918 0.00605426
17 0.00668005 -0.00686985 -0.00242632
18 -0.00420740 0.00226972 0.00134242
19 -0.00217375 -0.00176427 -0.00096351
20 -0.00325806 -0.00356122 -0.00291378
21 0.00000000 0.00000000 0.00000000

Step29
1 -0.00037309 0.00028926 -0.00168741
2 -0.00058692 0.00428686 -0.00558468
3 -0.00060792 0.00092893 0.00333396
4 -0.00075185 0.00133200 -0.00020990
5 0.00134923 -0.00397851 -0.00321851
6 0.00112948 -0.00460933 -0.00445712
7 0.00136448 -0.00410658 -0.00214954
8 0.00115174 -0.00387703 -0.00307668
9 -0.00067765 -0.00396784 -0.00506225
10 0.00005043 -0.00169790 -0.00204264
11 0.00130469 0.00106440 -0.00139940
12 -0.00175360 -0.00068042 -0.00246785
13 -0.00348603 0.00100959 -0.00174939
14 -0.00008948 -0.00185149 -0.00073461
15 -0.00192134 0.00080670 -0.00384872
16 -0.00038081 -0.00134807 0.00605379
17 0.00667576 -0.00687382 -0.00242533
18 -0.00420395 0.00227424 0.00134128
19 -0.00217409 -0.00176695 -0.00096913
20 -0.00325668 -0.00356191 -0.00290967
21 0.00000000 0.00000000 0.00000000

Step30
1 -0.00037255 0.00028995 -0.00168731
2 -0.00058716 0.00428638 -0.00558456
3 -0.00060778 0.00092858 0.00333377
4 -0.00075204 0.00133190 -0.00021023
5 0.00134843 -0.00397724 -0.00321861
6 0.00113047 -0.00460930 -0.00445730
7 0.00136457 -0.00410664 -0.00214990
8 0.00115278 -0.00387626 -0.00307672
9 -0.00067842 -0.00396688 -0.00506080
10 0.00005228 -0.00169647 -0.00204256
11 0.00130351 0.00106414 -0.00139840
12 -0.00175599 -0.00068524 -0.00246763
13 -0.00348501 0.00100826 -0.00174882
14 -0.00008705 -0.00185058 -0.00073538
15 -0.00192165 0.00080673 -0.00384836
16 -0.00038214 -0.00134734 0.00605347
17 0.00667544 -0.00687229 -0.00242437
18 -0.00420517 0.00227252 0.00134112
19 -0.00217416 -0.00176393 -0.00097445
20 -0.00325558 -0.00356318 -0.00290586
21 0.00000000 0.00000000 0.00000000

Step31
1 -0.00037245 0.00028906 -0.00168676
2 -0.00058709 0.00428652 -0.00558444
3 -0.00060804 0.00092902 0.00333364
4 -0.00075203 0.00133194 -0.00021035
5 0.00135010 -0.00397697 -0.00321853
6 0.00112995 -0.00460861 -0.00445764
7 0.00136460 -0.00410661 -0.00215002
8 0.00114490 -0.00387886 -0.00307416
9 -0.00067421 -0.00396674 -0.00506357
10 0.00005604 -0.00169396 -0.00204247
11 0.00130289 0.00106345 -0.00139852
12 -0.00175894 -0.00068459 -0.00246652
13 -0.00348499 0.00100816 -0.00174884
14 -0.00008725 -0.00185280 -0.00073689
15 -0.00192118 0.00080840 -0.00384728
16 -0.00038228 -0.00134703 0.00605368
17 0.00668047 -0.00686513 -0.00242526
18 -0.00421029 0.00226582 0.00134198
19 -0.00216966 -0.00176552 -0.00097811
20 -0.00325618 -0.00356308 -0.00290459
21 0.00000000 0.00000000 0.00000000

Step32
1 -0.00037195 0.00028923 -0.00168765
2 -0.00058705 0.00428691 -0.00558382
3 -0.00060806 0.00092889 0.00333358
4 -0.00075250 0.00133164 -0.00021037
5 0.00134976 -0.00397796 -0.00321847
6 0.00112993 -0.00460827 -0.00445766
7 0.00136481 -0.00410647 -0.00215009
8 0.00114971 -0.00387446 -0.00307472
9 -0.00067554 -0.00396728 -0.00506257
10 0.00005232 -0.00169770 -0.00204293
11 0.00130316 0.00106379 -0.00139843
12 -0.00175316 -0.00068755 -0.00246539
13 -0.00348526 0.00100840 -0.00175013
14 -0.00009031 -0.00185428 -0.00073747
15 -0.00192115 0.00080978 -0.00384633
16 -0.00038086 -0.00134798 0.00605390
17 0.00667910 -0.00686592 -0.00242494
18 -0.00420940 0.00226704 0.00134155
19 -0.00217821 -0.00175653 -0.00097969
20 -0.00325330 -0.00356653 -0.00290059
21 0.00000000 0.00000000 0.00000000

Step33
1 -0.00037236 0.00029021 -0.00168699
2 -0.00058711 0.00428642 -0.00558401
3 -0.00060779 0.00092856 0.00333348
4 -0.00075222 0.00133168 -0.00021055
5 0.00134941 -0.00397797 -0.00321863
6 0.00113017 -0.00460822 -0.00445783
7 0.00136486 -0.00410643 -0.00215029
8 0.00114988 -0.00387478 -0.00307348
9 -0.00067567 -0.00396706 -0.00506270
10 0.00005217 -0.00169849 -0.00204447
11 0.00130321 0.00106380 -0.00139839
12 -0.00175668 -0.00068877 -0.00246203
13 -0.00348481 0.00100853 -0.00175118
14 -0.00009010 -0.00184624 -0.00073587
15 -0.00192158 0.00080710 -0.00384791
16 -0.00037918 -0.00135025 0.00605363
17 0.00667968 -0.00686571 -0.00242520
18 -0.00421000 0.00226617 0.00134164
19 -0.00217363 -0.00175888 -0.00098406
20 -0.00325413 -0.00356579 -0.00289950
21 0.00000000 0.00000000 0.00000000

Step34
1 -0.00037299 0.00028830 -0.00168778
2 -0.00058699 0.00428690 -0.00558345
3 -0.00060819 0.00092921 0.00333358
4 -0.00075126 0.00133216 -0.00021048
5 0.00134908 -0.00397665 -0.00321836
6 0.00113059 -0.00460859 -0.00445783
7 0.00136487 -0.00410649 -0.00215033
8 0.00115070 -0.00387562 -0.00307494
9 -0.00067669 -0.00396678 -0.00506150
10 0.00005219 -0.00169839 -0.00204443
11 0.00130323 0.00106378 -0.00139838
12 -0.00175713 -0.00068846 -0.00246346
13 -0.00348468 0.00100822 -0.00174989
14 -0.00008971 -0.00184592 -0.00073702
15 -0.00192156 0.00080709 -0.00384790
16 -0.00037923 -0.00135028 0.00605385
17 0.00667744 -0.00686831 -0.00242374
18 -0.00420823 0.00226848 0.00134131
19 -0.00217364 -0.00175888 -0.00098402
20 -0.00325399 -0.00356581 -0.00289953
21 0.00000000 0.00000000 0.00000000

Step35
1 -0.00037297 0.00028829 -0.00168768
2 -0.00058703 0.00428694 -0.00558346
3 -0.00060824 0.00092928 0.00333345
4 -0.00075126 0.00133216 -0.00021047
5 0.00134972 -0.00397682 -0.00321878
6 0.00113035 -0.00460824 -0.00445778
7 0.00136484 -0.00410649 -0.00215036
8 0.00115102 -0.00387767 -0.00307598
9 -0.00067683 -0.00396524 -0.00506040
10 0.00005189 -0.00169795 -0.00204409
11 0.00130320 0.00106381 -0.00139843
12 -0.00175724 -0.00068851 -0.00246344
13 -0.00348468 0.00100822 -0.00174988
14 -0.00008964 -0.00184600 -0.00073671
15 -0.00192163 0.00080713 -0.00384793
16 -0.00037930 -0.00135019 0.00605359
17 0.00667753 -0.00686839 -0.00242376
18 -0.00420823 0.00226847 0.00134131
19 -0.00217364 -0.00175893 -0.00098402
20 -0.00325401 -0.00356586 -0.00289950
21 0.00000000 0.00000000 0.00000000

